*==============================================================================
* EE577A Spring 2026 - 512-bit SRAM Array Functional Test
* USC ID: 9924884571
*
* Write order (last digit=1): seq1->2->3->4->5->6->7->8->9->0
* Read order (USC ID 9924884571): seq9->9->2->4->8->8->4->5->7->1
*
* !! seq1 and seq3 share addr=01010. seq3 overwrites seq1.
*    Reading addr=01010 will return 4C36, NOT 984C.
*
* radix key:
*   1  = 1-bit binary
*   5  = 5-bit binary  (e.g. 01010 for A<4:0>)
*   16 = 16-bit hex    (e.g. 984C  for data_in<15:0>)
*
* Signal names MUST match schematic pin names exactly.
* Check your schematic: if A bus pin is named "A" use "A",
*                       if named "A_in" change accordingly.
*==============================================================================
radix 1 1 1 1 1 1 1 1 5 5 16
io i i i i i i i i i i i
vname clk rst precharge_en precharge_en_SA decoder_en write_en read_en sense_en A A_bar data_in
tunit 1ns
trise 0.005
tfall 0.005
vih 1.0
vil 0.0

* Column order:
* clk rst pre preSA dec wen ren sen | A<4:0> | A_bar<4:0> | data_in<15:0>
*
*==============================================================================
* WRITE PHASE
* T+0.0: clk↑, precharge=1, addr+data registered
* T+0.5: precharge=0, decoder_en=1, write_en=1  -> WL opens
* T+2.0: clk↓
* T+2.5: decoder_en=0, write_en=0              -> WL closes
* T+3.0: precharge=1                            -> BL recharge
*==============================================================================

*--- WRITE 1/10: seq1 | A=01010 A_bar=10101 | data=984C ---
0.0   1  0  1  1  0  0  1  0   01010  10101  984C
0.5   1  0  0  1  1  1  1  0   01010  10101  984C
2.0   0  0  0  1  1  1  1  0   01010  10101  984C
2.5   0  0  0  1  0  0  1  0   01010  10101  984C
3.0   0  0  1  1  0  0  1  0   01010  10101  984C

*--- WRITE 2/10: seq2 | A=10110 A_bar=01001 | data=211B ---
4.0   1  0  1  1  0  0  1  0   10110  01001  211B
4.5   1  0  0  1  1  1  1  0   10110  01001  211B
6.0   0  0  0  1  1  1  1  0   10110  01001  211B
6.5   0  0  0  1  0  0  1  0   10110  01001  211B
7.0   0  0  1  1  0  0  1  0   10110  01001  211B

*--- WRITE 3/10: seq3 | A=01010 A_bar=10101 | data=4C36 (OVERWRITES seq1!) ---
8.0   1  0  1  1  0  0  1  0   01010  10101  4C36
8.5   1  0  0  1  1  1  1  0   01010  10101  4C36
10.0  0  0  0  1  1  1  1  0   01010  10101  4C36
10.5  0  0  0  1  0  0  1  0   01010  10101  4C36
11.0  0  0  1  1  0  0  1  0   01010  10101  4C36

*--- WRITE 4/10: seq4 | A=10011 A_bar=01100 | data=E15C ---
12.0  1  0  1  1  0  0  1  0   10011  01100  E15C
12.5  1  0  0  1  1  1  1  0   10011  01100  E15C
14.0  0  0  0  1  1  1  1  0   10011  01100  E15C
14.5  0  0  0  1  0  0  1  0   10011  01100  E15C
15.0  0  0  1  1  0  0  1  0   10011  01100  E15C

*--- WRITE 5/10: seq5 | A=11111 A_bar=00000 | data=5F2B ---
16.0  1  0  1  1  0  0  1  0   11111  00000  5F2B
16.5  1  0  0  1  1  1  1  0   11111  00000  5F2B
18.0  0  0  0  1  1  1  1  0   11111  00000  5F2B
18.5  0  0  0  1  0  0  1  0   11111  00000  5F2B
19.0  0  0  1  1  0  0  1  0   11111  00000  5F2B

*--- WRITE 6/10: seq6 | A=10100 A_bar=01011 | data=9054 ---
20.0  1  0  1  1  0  0  1  0   10100  01011  9054
20.5  1  0  0  1  1  1  1  0   10100  01011  9054
22.0  0  0  0  1  1  1  1  0   10100  01011  9054
22.5  0  0  0  1  0  0  1  0   10100  01011  9054
23.0  0  0  1  1  0  0  1  0   10100  01011  9054

*--- WRITE 7/10: seq7 | A=00111 A_bar=11000 | data=FF83 ---
24.0  1  0  1  1  0  0  1  0   00111  11000  FF83
24.5  1  0  0  1  1  1  1  0   00111  11000  FF83
26.0  0  0  0  1  1  1  1  0   00111  11000  FF83
26.5  0  0  0  1  0  0  1  0   00111  11000  FF83
27.0  0  0  1  1  0  0  1  0   00111  11000  FF83

*--- WRITE 8/10: seq8 | A=10001 A_bar=01110 | data=19D7 ---
28.0  1  0  1  1  0  0  1  0   10001  01110  19D7
28.5  1  0  0  1  1  1  1  0   10001  01110  19D7
30.0  0  0  0  1  1  1  1  0   10001  01110  19D7
30.5  0  0  0  1  0  0  1  0   10001  01110  19D7
31.0  0  0  1  1  0  0  1  0   10001  01110  19D7

*--- WRITE 9/10: seq9 | A=11011 A_bar=00100 | data=1A2B ---
32.0  1  0  1  1  0  0  1  0   11011  00100  1A2B
32.5  1  0  0  1  1  1  1  0   11011  00100  1A2B
34.0  0  0  0  1  1  1  1  0   11011  00100  1A2B
34.5  0  0  0  1  0  0  1  0   11011  00100  1A2B
35.0  0  0  1  1  0  0  1  0   11011  00100  1A2B

*--- WRITE 10/10: seq0 | A=01011 A_bar=10100 | data=143B ---
36.0  1  0  1  1  0  0  1  0   01011  10100  143B
36.5  1  0  0  1  1  1  1  0   01011  10100  143B
38.0  0  0  0  1  1  1  1  0   01011  10100  143B
38.5  0  0  0  1  0  0  1  0   01011  10100  143B
39.0  0  0  1  1  0  0  1  0   01011  10100  143B

*==============================================================================
* READ PHASE (USC ID: 9-9-2-4-8-8-4-5-7-1)
* T+0.0: clk↑, precharge=1, addr registered
* T+0.5: precharge=0, precharge_SA=0, decoder_en=1, read_en=0 (active low)
* T+1.5: sense_en=1  (BL-BLB >= 80mV, adjust this offset after sim!)
* T+2.0: clk↓
* T+2.5: decoder_en=0, sense_en=0
* T+3.0: precharge=1, precharge_SA=1, read_en=1
*
* Expected: READ1,2->1A2B  READ3->211B  READ4,7->E15C
*           READ5,6->19D7  READ8->5F2B  READ9->FF83  READ10->4C36
*==============================================================================

*--- READ 1/10: seq9 | A=11011 A_bar=00100 | EXPECT: 1A2B ---
40.0  1  0  1  1  0  0  1  0   11011  00100  0000
40.5  1  0  0  0  1  0  0  0   11011  00100  0000
41.5  1  0  0  0  1  0  0  1   11011  00100  0000
42.0  0  0  0  0  1  0  0  1   11011  00100  0000
42.5  0  0  0  0  0  0  0  0   11011  00100  0000
43.0  0  0  1  1  0  0  1  0   11011  00100  0000

*--- READ 2/10: seq9 | A=11011 A_bar=00100 | EXPECT: 1A2B ---
44.0  1  0  1  1  0  0  1  0   11011  00100  0000
44.5  1  0  0  0  1  0  0  0   11011  00100  0000
45.5  1  0  0  0  1  0  0  1   11011  00100  0000
46.0  0  0  0  0  1  0  0  1   11011  00100  0000
46.5  0  0  0  0  0  0  0  0   11011  00100  0000
47.0  0  0  1  1  0  0  1  0   11011  00100  0000

*--- READ 3/10: seq2 | A=10110 A_bar=01001 | EXPECT: 211B ---
48.0  1  0  1  1  0  0  1  0   10110  01001  0000
48.5  1  0  0  0  1  0  0  0   10110  01001  0000
49.5  1  0  0  0  1  0  0  1   10110  01001  0000
50.0  0  0  0  0  1  0  0  1   10110  01001  0000
50.5  0  0  0  0  0  0  0  0   10110  01001  0000
51.0  0  0  1  1  0  0  1  0   10110  01001  0000

*--- READ 4/10: seq4 | A=10011 A_bar=01100 | EXPECT: E15C ---
52.0  1  0  1  1  0  0  1  0   10011  01100  0000
52.5  1  0  0  0  1  0  0  0   10011  01100  0000
53.5  1  0  0  0  1  0  0  1   10011  01100  0000
54.0  0  0  0  0  1  0  0  1   10011  01100  0000
54.5  0  0  0  0  0  0  0  0   10011  01100  0000
55.0  0  0  1  1  0  0  1  0   10011  01100  0000

*--- READ 5/10: seq8 | A=10001 A_bar=01110 | EXPECT: 19D7 ---
56.0  1  0  1  1  0  0  1  0   10001  01110  0000
56.5  1  0  0  0  1  0  0  0   10001  01110  0000
57.5  1  0  0  0  1  0  0  1   10001  01110  0000
58.0  0  0  0  0  1  0  0  1   10001  01110  0000
58.5  0  0  0  0  0  0  0  0   10001  01110  0000
59.0  0  0  1  1  0  0  1  0   10001  01110  0000

*--- READ 6/10: seq8 | A=10001 A_bar=01110 | EXPECT: 19D7 ---
60.0  1  0  1  1  0  0  1  0   10001  01110  0000
60.5  1  0  0  0  1  0  0  0   10001  01110  0000
61.5  1  0  0  0  1  0  0  1   10001  01110  0000
62.0  0  0  0  0  1  0  0  1   10001  01110  0000
62.5  0  0  0  0  0  0  0  0   10001  01110  0000
63.0  0  0  1  1  0  0  1  0   10001  01110  0000

*--- READ 7/10: seq4 | A=10011 A_bar=01100 | EXPECT: E15C ---
64.0  1  0  1  1  0  0  1  0   10011  01100  0000
64.5  1  0  0  0  1  0  0  0   10011  01100  0000
65.5  1  0  0  0  1  0  0  1   10011  01100  0000
66.0  0  0  0  0  1  0  0  1   10011  01100  0000
66.5  0  0  0  0  0  0  0  0   10011  01100  0000
67.0  0  0  1  1  0  0  1  0   10011  01100  0000

*--- READ 8/10: seq5 | A=11111 A_bar=00000 | EXPECT: 5F2B ---
68.0  1  0  1  1  0  0  1  0   11111  00000  0000
68.5  1  0  0  0  1  0  0  0   11111  00000  0000
69.5  1  0  0  0  1  0  0  1   11111  00000  0000
70.0  0  0  0  0  1  0  0  1   11111  00000  0000
70.5  0  0  0  0  0  0  0  0   11111  00000  0000
71.0  0  0  1  1  0  0  1  0   11111  00000  0000

*--- READ 9/10: seq7 | A=00111 A_bar=11000 | EXPECT: FF83 ---
72.0  1  0  1  1  0  0  1  0   00111  11000  0000
72.5  1  0  0  0  1  0  0  0   00111  11000  0000
73.5  1  0  0  0  1  0  0  1   00111  11000  0000
74.0  0  0  0  0  1  0  0  1   00111  11000  0000
74.5  0  0  0  0  0  0  0  0   00111  11000  0000
75.0  0  0  1  1  0  0  1  0   00111  11000  0000

*--- READ 10/10: seq1 addr | A=01010 A_bar=10101 | EXPECT: 4C36 (NOT 984C!) ---
76.0  1  0  1  1  0  0  1  0   01010  10101  0000
76.5  1  0  0  0  1  0  0  0   01010  10101  0000
77.5  1  0  0  0  1  0  0  1   01010  10101  0000
78.0  0  0  0  0  1  0  0  1   01010  10101  0000
78.5  0  0  0  0  0  0  0  0   01010  10101  0000
79.0  0  0  1  1  0  0  1  0   01010  10101  0000

*--- END ---
80.0  0  0  1  1  0  0  1  0   01010  10101  0000
