radix 1 1 111 11 111 11 1 1 1 1 1 4444 
io i i iii ii iii ii i i i i i iiii 
vname rst precharge_en A<[4:2]> A<[1:0]> A_bar<[4:2]> A_bar<[1:0]> write_en decoder_en precharge_en_SA read_en sense_en data_in<[15:0]>
tunit 1ns
slope 0.01
vih 1.0
vil 0.0

0    1 1 110 11 001 00 0 0 1 1 0 1A2B 
2    1 0 010 10 101 01 0 0 1 1 0 4C36 
3    1 1 010 10 101 01 1 0 1 1 0 4C36 
4    1 1 010 10 101 01 1 1 1 1 0 4C36 
	 
5    1 0 100 11 011 00 0 0 1 1 0 E15C 
6    1 1 100 11 011 00 1 0 1 1 0 E15C 
7    1 1 100 11 011 00 1 1 1 1 0 E15C 
	 
8    1 0 111 11 000 00 0 0 1 1 0 5F2B 
9    1 1 111 11 000 00 1 0 1 1 0 5F2B 
10   1 1 111 11 000 00 1 1 1 1 0 5F2B 
	 
11   1 0 101 00 010 11 0 0 1 1 0 9054 
12   1 1 101 00 010 11 1 0 1 1 0 9054 
13   1 1 101 00 010 11 1 1 1 1 0 9054 
	 
14   1 0 001 11 110 00 0 0 1 1 0 FF83 
15   1 1 001 11 110 00 1 0 1 1 0 FF83 
16   1 1 001 11 110 00 1 1 1 1 0 FF83 
	 
17   1 0 100 01 011 10 0 0 1 1 0 19D7 
18   1 1 100 01 011 10 1 0 1 1 0 19D7 
19   1 1 100 01 011 10 1 1 1 1 0 19D7 
	 
20   1 0 110 11 001 00 0 0 1 1 0 1A2B 
21   1 1 110 11 001 00 1 0 1 1 0 1A2B 
22   1 1 110 11 001 00 1 1 1 1 0 1A2B 
	 
23   1 0 010 11 101 00 0 0 1 1 0 143B 
24   1 1 010 11 101 00 1 0 1 1 0 143B 
25   1 1 010 11 101 00 1 1 1 1 0 143B 
	 
26   1 0 010 10 101 01 0 0 1 1 0 984C 
27   1 1 010 10 101 01 1 0 1 1 0 984C 
28   1 1 010 10 101 01 1 1 1 1 0 984C 
	 
29   1 0 101 10 010 01 0 0 1 1 0 211B 
30   1 1 101 10 010 01 1 0 1 1 0 211B 
31   1 1 101 10 010 01 1 1 1 1 0 211B 
	 
32   1 0 110 11 001 00 0 0 0 1 0 1A2B 
33   1 1 110 11 001 00 0 1 1 0 0 1A2B 
34   1 0 110 11 001 00 0 0 1 1 1 1A2B 
	 
35   1 0 100 01 011 10 0 0 0 1 0 19D7 
36   1 1 100 01 011 10 0 1 1 0 0 19D7 
37   1 0 100 01 011 10 0 0 1 1 1 19D7 
	 
38   1 0 101 00 010 11 0 0 0 1 0 9054 
39   1 1 101 00 010 11 0 1 1 0 0 9054 
40   1 0 101 00 010 11 0 0 1 1 1 9054 
	 
41   1 0 110 11 001 00 0 0 0 1 0 1A2B 
42   1 1 110 11 001 00 0 1 1 0 0 1A2B 
43   1 0 110 11 001 00 0 0 1 1 1 1A2B 
	 
44   1 0 010 11 101 00 0 0 0 1 0 143B 
45   1 1 010 11 101 00 0 1 1 0 0 143B 
46   1 1 010 11 101 00 0 0 1 1 1 143B 
	 
47   1 0 001 11 110 00 0 0 0 1 0 FF83 
48   1 1 001 11 110 00 0 1 1 0 0 FF83 
49   1 1 001 11 110 00 0 0 1 1 1 FF83 
	 
50   1 0 001 11 110 00 0 0 0 1 0 FF83 
51   1 1 001 11 110 00 0 1 1 0 0 FF83 
52   1 1 001 11 110 00 0 0 1 1 1 FF83 
	 
53   1 0 001 11 110 00 0 0 0 1 0 FF83 
54   1 1 001 11 110 00 0 1 1 0 0 FF83 
55   1 1 001 11 110 00 0 0 1 1 1 FF83 
	
56   1 0 010 10 101 01 0 0 0 1 0 984C 
57   1 1 010 10 101 01 0 1 1 0 0 984C 
58   1 1 010 10 101 01 0 0 1 1 1 984C 
	 
59   1 0 010 10 101 01 0 0 0 1 0 4C36 
60   1 1 010 10 101 01 0 1 1 0 0 4C36 
61   1 1 010 10 101 01 0 0 1 1 1 4C36 