*==============================================================================
* EE577A Spring 2026 - 512-bit SRAM Array Functional Test Vector File
* USC ID: 9924884571
*
* Write Order (last digit=1, start from seq1):
*   seq1->seq2->seq3->seq4->seq5->seq6->seq7->seq8->seq9->seq0
*
* Read Order (USC ID digits: 9-9-2-4-8-8-4-5-7-1):
*   seq9->seq9->seq2->seq4->seq8->seq8->seq4->seq5->seq7->seq1
*
* !! IMPORTANT !!
*   seq1 (addr=01010) and seq3 (addr=01010) share the SAME address.
*   seq3 overwrites seq1. Reading seq1's address returns 4C36, NOT 984C.
*
* Address/Data Table (Figure 4):
*   seq | A[4:0] | A_bar[4:0] | data (hex)
*    0  | 01011  |   10100    |   143B
*    1  | 01010  |   10101    |   984C
*    2  | 10110  |   01001    |   211B
*    3  | 01010  |   10101    |   4C36  <- same addr as seq1, overwrites it
*    4  | 10011  |   01100    |   E15C
*    5  | 11111  |   00000    |   5F2B
*    6  | 10100  |   01011    |   9054
*    7  | 00111  |   11000    |   FF83
*    8  | 10001  |   01110    |   19D7
*    9  | 11011  |   00100    |   1A2B
*
* Clock period = 4ns, 50% duty cycle
* trise/tfall = 5ps
* read_en is ACTIVE LOW (PMOS M5/M6 in sense amp)
*==============================================================================
radix 1 1 1 1 1 1 1 1 1 1 1 1 1 1 1 1 1 1 16
io i i i i i i i i i i i i i i i i i i i
vname clk rst precharge_en precharge_en_SA decoder_en write_en read_en sense_en A4 A3 A2 A1 A0 A_bar4 A_bar3 A_bar2 A_bar1 A_bar0 data_in
tunit 1ns
trise 0.005
tfall 0.005
vih 1.0
vil 0.0

*==============================================================================
* WRITE PHASE (10 writes)
* Each cycle = 4ns
* T+0.0: CLK rise, precharge starts, addr/data registered
* T+0.5: precharge ends, decoder_en=1, write_en=1, WL opens
* T+2.0: CLK fall
* T+2.5: decoder_en=0, write_en=0, WL closes
* T+3.0: precharge restarts for next cycle
*
* Column order:
* clk rst pre preSA dec wen ren sen | A4 A3 A2 A1 A0 | Ab4 Ab3 Ab2 Ab1 Ab0 | data
*==============================================================================

*--- WRITE 1/10: seq1 | addr=01010 A_bar=10101 | data=984C ---
0.0   1  0  1  1  0  0  1  0   0 1 0 1 0   1 0 1 0 1   984C
0.5   1  0  0  1  1  1  1  0   0 1 0 1 0   1 0 1 0 1   984C
2.0   0  0  0  1  1  1  1  0   0 1 0 1 0   1 0 1 0 1   984C
2.5   0  0  0  1  0  0  1  0   0 1 0 1 0   1 0 1 0 1   984C
3.0   0  0  1  1  0  0  1  0   0 1 0 1 0   1 0 1 0 1   984C

*--- WRITE 2/10: seq2 | addr=10110 A_bar=01001 | data=211B ---
4.0   1  0  1  1  0  0  1  0   1 0 1 1 0   0 1 0 0 1   211B
4.5   1  0  0  1  1  1  1  0   1 0 1 1 0   0 1 0 0 1   211B
6.0   0  0  0  1  1  1  1  0   1 0 1 1 0   0 1 0 0 1   211B
6.5   0  0  0  1  0  0  1  0   1 0 1 1 0   0 1 0 0 1   211B
7.0   0  0  1  1  0  0  1  0   1 0 1 1 0   0 1 0 0 1   211B

*--- WRITE 3/10: seq3 | addr=01010 A_bar=10101 | data=4C36 (OVERWRITES seq1) ---
8.0   1  0  1  1  0  0  1  0   0 1 0 1 0   1 0 1 0 1   4C36
8.5   1  0  0  1  1  1  1  0   0 1 0 1 0   1 0 1 0 1   4C36
10.0  0  0  0  1  1  1  1  0   0 1 0 1 0   1 0 1 0 1   4C36
10.5  0  0  0  1  0  0  1  0   0 1 0 1 0   1 0 1 0 1   4C36
11.0  0  0  1  1  0  0  1  0   0 1 0 1 0   1 0 1 0 1   4C36

*--- WRITE 4/10: seq4 | addr=10011 A_bar=01100 | data=E15C ---
12.0  1  0  1  1  0  0  1  0   1 0 0 1 1   0 1 1 0 0   E15C
12.5  1  0  0  1  1  1  1  0   1 0 0 1 1   0 1 1 0 0   E15C
14.0  0  0  0  1  1  1  1  0   1 0 0 1 1   0 1 1 0 0   E15C
14.5  0  0  0  1  0  0  1  0   1 0 0 1 1   0 1 1 0 0   E15C
15.0  0  0  1  1  0  0  1  0   1 0 0 1 1   0 1 1 0 0   E15C

*--- WRITE 5/10: seq5 | addr=11111 A_bar=00000 | data=5F2B ---
16.0  1  0  1  1  0  0  1  0   1 1 1 1 1   0 0 0 0 0   5F2B
16.5  1  0  0  1  1  1  1  0   1 1 1 1 1   0 0 0 0 0   5F2B
18.0  0  0  0  1  1  1  1  0   1 1 1 1 1   0 0 0 0 0   5F2B
18.5  0  0  0  1  0  0  1  0   1 1 1 1 1   0 0 0 0 0   5F2B
19.0  0  0  1  1  0  0  1  0   1 1 1 1 1   0 0 0 0 0   5F2B

*--- WRITE 6/10: seq6 | addr=10100 A_bar=01011 | data=9054 ---
20.0  1  0  1  1  0  0  1  0   1 0 1 0 0   0 1 0 1 1   9054
20.5  1  0  0  1  1  1  1  0   1 0 1 0 0   0 1 0 1 1   9054
22.0  0  0  0  1  1  1  1  0   1 0 1 0 0   0 1 0 1 1   9054
22.5  0  0  0  1  0  0  1  0   1 0 1 0 0   0 1 0 1 1   9054
23.0  0  0  1  1  0  0  1  0   1 0 1 0 0   0 1 0 1 1   9054

*--- WRITE 7/10: seq7 | addr=00111 A_bar=11000 | data=FF83 ---
24.0  1  0  1  1  0  0  1  0   0 0 1 1 1   1 1 0 0 0   FF83
24.5  1  0  0  1  1  1  1  0   0 0 1 1 1   1 1 0 0 0   FF83
26.0  0  0  0  1  1  1  1  0   0 0 1 1 1   1 1 0 0 0   FF83
26.5  0  0  0  1  0  0  1  0   0 0 1 1 1   1 1 0 0 0   FF83
27.0  0  0  1  1  0  0  1  0   0 0 1 1 1   1 1 0 0 0   FF83

*--- WRITE 8/10: seq8 | addr=10001 A_bar=01110 | data=19D7 ---
28.0  1  0  1  1  0  0  1  0   1 0 0 0 1   0 1 1 1 0   19D7
28.5  1  0  0  1  1  1  1  0   1 0 0 0 1   0 1 1 1 0   19D7
30.0  0  0  0  1  1  1  1  0   1 0 0 0 1   0 1 1 1 0   19D7
30.5  0  0  0  1  0  0  1  0   1 0 0 0 1   0 1 1 1 0   19D7
31.0  0  0  1  1  0  0  1  0   1 0 0 0 1   0 1 1 1 0   19D7

*--- WRITE 9/10: seq9 | addr=11011 A_bar=00100 | data=1A2B ---
32.0  1  0  1  1  0  0  1  0   1 1 0 1 1   0 0 1 0 0   1A2B
32.5  1  0  0  1  1  1  1  0   1 1 0 1 1   0 0 1 0 0   1A2B
34.0  0  0  0  1  1  1  1  0   1 1 0 1 1   0 0 1 0 0   1A2B
34.5  0  0  0  1  0  0  1  0   1 1 0 1 1   0 0 1 0 0   1A2B
35.0  0  0  1  1  0  0  1  0   1 1 0 1 1   0 0 1 0 0   1A2B

*--- WRITE 10/10: seq0 | addr=01011 A_bar=10100 | data=143B ---
36.0  1  0  1  1  0  0  1  0   0 1 0 1 1   1 0 1 0 0   143B
36.5  1  0  0  1  1  1  1  0   0 1 0 1 1   1 0 1 0 0   143B
38.0  0  0  0  1  1  1  1  0   0 1 0 1 1   1 0 1 0 0   143B
38.5  0  0  0  1  0  0  1  0   0 1 0 1 1   1 0 1 0 0   143B
39.0  0  0  1  1  0  0  1  0   0 1 0 1 1   1 0 1 0 0   143B

*==============================================================================
* READ PHASE (USC ID sequence: 9-9-2-4-8-8-4-5-7-1)
* Each cycle = 4ns
* T+0.0: CLK rise, precharge, addr registered
* T+0.5: precharge ends, precharge_en_SA=0, decoder_en=1, read_en=0 (active low)
* T+1.5: sense_en=1 (BL-BLB diff >= 80mV)
* T+2.0: CLK fall
* T+2.5: decoder_en=0, sense_en=0
* T+3.0: precharge restarts, read_en=1, precharge_en_SA=1
*
* Expected outputs:
*   READ 1,2 -> 1A2B  (seq9, addr=11011)
*   READ 3   -> 211B  (seq2, addr=10110)
*   READ 4,7 -> E15C  (seq4, addr=10011)
*   READ 5,6 -> 19D7  (seq8, addr=10001)
*   READ 8   -> 5F2B  (seq5, addr=11111)
*   READ 9   -> FF83  (seq7, addr=00111)
*   READ 10  -> 4C36  (seq1 addr, but overwritten by seq3!)
*==============================================================================

*--- READ 1/10: seq9 | addr=11011 A_bar=00100 | EXPECT: 1A2B ---
40.0  1  0  1  1  0  0  1  0   1 1 0 1 1   0 0 1 0 0   0000
40.5  1  0  0  0  1  0  0  0   1 1 0 1 1   0 0 1 0 0   0000
41.5  1  0  0  0  1  0  0  1   1 1 0 1 1   0 0 1 0 0   0000
42.0  0  0  0  0  1  0  0  1   1 1 0 1 1   0 0 1 0 0   0000
42.5  0  0  0  0  0  0  0  0   1 1 0 1 1   0 0 1 0 0   0000
43.0  0  0  1  1  0  0  1  0   1 1 0 1 1   0 0 1 0 0   0000

*--- READ 2/10: seq9 | addr=11011 A_bar=00100 | EXPECT: 1A2B ---
44.0  1  0  1  1  0  0  1  0   1 1 0 1 1   0 0 1 0 0   0000
44.5  1  0  0  0  1  0  0  0   1 1 0 1 1   0 0 1 0 0   0000
45.5  1  0  0  0  1  0  0  1   1 1 0 1 1   0 0 1 0 0   0000
46.0  0  0  0  0  1  0  0  1   1 1 0 1 1   0 0 1 0 0   0000
46.5  0  0  0  0  0  0  0  0   1 1 0 1 1   0 0 1 0 0   0000
47.0  0  0  1  1  0  0  1  0   1 1 0 1 1   0 0 1 0 0   0000

*--- READ 3/10: seq2 | addr=10110 A_bar=01001 | EXPECT: 211B ---
48.0  1  0  1  1  0  0  1  0   1 0 1 1 0   0 1 0 0 1   0000
48.5  1  0  0  0  1  0  0  0   1 0 1 1 0   0 1 0 0 1   0000
49.5  1  0  0  0  1  0  0  1   1 0 1 1 0   0 1 0 0 1   0000
50.0  0  0  0  0  1  0  0  1   1 0 1 1 0   0 1 0 0 1   0000
50.5  0  0  0  0  0  0  0  0   1 0 1 1 0   0 1 0 0 1   0000
51.0  0  0  1  1  0  0  1  0   1 0 1 1 0   0 1 0 0 1   0000

*--- READ 4/10: seq4 | addr=10011 A_bar=01100 | EXPECT: E15C ---
52.0  1  0  1  1  0  0  1  0   1 0 0 1 1   0 1 1 0 0   0000
52.5  1  0  0  0  1  0  0  0   1 0 0 1 1   0 1 1 0 0   0000
53.5  1  0  0  0  1  0  0  1   1 0 0 1 1   0 1 1 0 0   0000
54.0  0  0  0  0  1  0  0  1   1 0 0 1 1   0 1 1 0 0   0000
54.5  0  0  0  0  0  0  0  0   1 0 0 1 1   0 1 1 0 0   0000
55.0  0  0  1  1  0  0  1  0   1 0 0 1 1   0 1 1 0 0   0000

*--- READ 5/10: seq8 | addr=10001 A_bar=01110 | EXPECT: 19D7 ---
56.0  1  0  1  1  0  0  1  0   1 0 0 0 1   0 1 1 1 0   0000
56.5  1  0  0  0  1  0  0  0   1 0 0 0 1   0 1 1 1 0   0000
57.5  1  0  0  0  1  0  0  1   1 0 0 0 1   0 1 1 1 0   0000
58.0  0  0  0  0  1  0  0  1   1 0 0 0 1   0 1 1 1 0   0000
58.5  0  0  0  0  0  0  0  0   1 0 0 0 1   0 1 1 1 0   0000
59.0  0  0  1  1  0  0  1  0   1 0 0 0 1   0 1 1 1 0   0000

*--- READ 6/10: seq8 | addr=10001 A_bar=01110 | EXPECT: 19D7 ---
60.0  1  0  1  1  0  0  1  0   1 0 0 0 1   0 1 1 1 0   0000
60.5  1  0  0  0  1  0  0  0   1 0 0 0 1   0 1 1 1 0   0000
61.5  1  0  0  0  1  0  0  1   1 0 0 0 1   0 1 1 1 0   0000
62.0  0  0  0  0  1  0  0  1   1 0 0 0 1   0 1 1 1 0   0000
62.5  0  0  0  0  0  0  0  0   1 0 0 0 1   0 1 1 1 0   0000
63.0  0  0  1  1  0  0  1  0   1 0 0 0 1   0 1 1 1 0   0000

*--- READ 7/10: seq4 | addr=10011 A_bar=01100 | EXPECT: E15C ---
64.0  1  0  1  1  0  0  1  0   1 0 0 1 1   0 1 1 0 0   0000
64.5  1  0  0  0  1  0  0  0   1 0 0 1 1   0 1 1 0 0   0000
65.5  1  0  0  0  1  0  0  1   1 0 0 1 1   0 1 1 0 0   0000
66.0  0  0  0  0  1  0  0  1   1 0 0 1 1   0 1 1 0 0   0000
66.5  0  0  0  0  0  0  0  0   1 0 0 1 1   0 1 1 0 0   0000
67.0  0  0  1  1  0  0  1  0   1 0 0 1 1   0 1 1 0 0   0000

*--- READ 8/10: seq5 | addr=11111 A_bar=00000 | EXPECT: 5F2B ---
68.0  1  0  1  1  0  0  1  0   1 1 1 1 1   0 0 0 0 0   0000
68.5  1  0  0  0  1  0  0  0   1 1 1 1 1   0 0 0 0 0   0000
69.5  1  0  0  0  1  0  0  1   1 1 1 1 1   0 0 0 0 0   0000
70.0  0  0  0  0  1  0  0  1   1 1 1 1 1   0 0 0 0 0   0000
70.5  0  0  0  0  0  0  0  0   1 1 1 1 1   0 0 0 0 0   0000
71.0  0  0  1  1  0  0  1  0   1 1 1 1 1   0 0 0 0 0   0000

*--- READ 9/10: seq7 | addr=00111 A_bar=11000 | EXPECT: FF83 ---
72.0  1  0  1  1  0  0  1  0   0 0 1 1 1   1 1 0 0 0   0000
72.5  1  0  0  0  1  0  0  0   0 0 1 1 1   1 1 0 0 0   0000
73.5  1  0  0  0  1  0  0  1   0 0 1 1 1   1 1 0 0 0   0000
74.0  0  0  0  0  1  0  0  1   0 0 1 1 1   1 1 0 0 0   0000
74.5  0  0  0  0  0  0  0  0   0 0 1 1 1   1 1 0 0 0   0000
75.0  0  0  1  1  0  0  1  0   0 0 1 1 1   1 1 0 0 0   0000

*--- READ 10/10: seq1 addr | addr=01010 A_bar=10101 | EXPECT: 4C36 (NOT 984C!) ---
76.0  1  0  1  1  0  0  1  0   0 1 0 1 0   1 0 1 0 1   0000
76.5  1  0  0  0  1  0  0  0   0 1 0 1 0   1 0 1 0 1   0000
77.5  1  0  0  0  1  0  0  1   0 1 0 1 0   1 0 1 0 1   0000
78.0  0  0  0  0  1  0  0  1   0 1 0 1 0   1 0 1 0 1   0000
78.5  0  0  0  0  0  0  0  0   0 1 0 1 0   1 0 1 0 1   0000
79.0  0  0  1  1  0  0  1  0   0 1 0 1 0   1 0 1 0 1   0000

*--- END ---
80.0  0  0  1  1  0  0  1  0   0 1 0 1 0   1 0 1 0 1   0000
