radix 1 1 1 1 1 1 1 1 1 1 1 1 1 1 1 1 1 1 1 1 1 1 1 1 1 1 1 1 1 1 1 1 1 1
io i i i i i i i i i i i i i i i i i i i i i i i i i i i i i i i i i i
vname A<4> A<3> A<2> A<1> A<0> A_bar<4> A_bar<3> A_bar<2> A_bar<1> A_bar<0> decoder_en precharge_en write_en read_en precharge_en_SA sense_en clk rst data_in<15> data_in<14> data_in<13> data_in<12> data_in<11> data_in<10> data_in<9> data_in<8> data_in<7> data_in<6> data_in<5> data_in<4> data_in<3> data_in<2> data_in<1> data_in<0>
tunit 1ns
trise 0.005
tfall 0.005
vih 1.0
vil 0.0
; A4 A3 A2 A1 A0  Ab4 Ab3 Ab2 Ab1 Ab0  dec pre wr rd pSA se  clk rst  d15-d0
; ==========================================================================
; USC ID: 5954051450
; Write order: 0,1,2,3,4,5,6,7,8,9 (last digit = 0)
; Read order:  5,9,5,4,0,5,1,4,5,0 (USC ID digits)
; ==========================================================================

; RESET
0    0 0 0 0 0  1 1 1 1 1  0 1 0 1 1 0  0 0  0 0 0 0 0 0 0 0 0 0 0 0 0 0 0 0
1    0 0 0 0 0  1 1 1 1 1  0 1 0 1 1 0  0 1  0 0 0 0 0 0 0 0 0 0 0 0 0 0 0 0

; === W0: Write 0x143B to addr 01011 ===
2    0 1 0 1 1  1 0 1 0 0  0 0 0 1 1 0  0 1  0 0 0 1 0 1 0 0 0 0 1 1 1 0 1 1
4    0 1 0 1 1  1 0 1 0 0  0 1 1 1 1 0  0 1  0 0 0 1 0 1 0 0 0 0 1 1 1 0 1 1
5    0 1 0 1 1  1 0 1 0 0  1 1 1 1 1 0  0 1  0 0 0 1 0 1 0 0 0 0 1 1 1 0 1 1
7    0 1 0 1 1  1 0 1 0 0  0 1 0 1 1 0  0 1  0 0 0 0 0 0 0 0 0 0 0 0 0 0 0 0

; === W1: Write 0x984C to addr 01010 ===
8    0 1 0 1 0  1 0 1 0 1  0 0 0 1 1 0  0 1  1 0 0 1 1 0 0 0 0 1 0 0 1 1 0 0
10   0 1 0 1 0  1 0 1 0 1  0 1 1 1 1 0  0 1  1 0 0 1 1 0 0 0 0 1 0 0 1 1 0 0
11   0 1 0 1 0  1 0 1 0 1  1 1 1 1 1 0  0 1  1 0 0 1 1 0 0 0 0 1 0 0 1 1 0 0
13   0 1 0 1 0  1 0 1 0 1  0 1 0 1 1 0  0 1  0 0 0 0 0 0 0 0 0 0 0 0 0 0 0 0

; === W2: Write 0x211B to addr 10110 ===
14   1 0 1 1 0  0 1 0 0 1  0 0 0 1 1 0  0 1  0 0 1 0 0 0 0 1 0 0 0 1 1 0 1 1
16   1 0 1 1 0  0 1 0 0 1  0 1 1 1 1 0  0 1  0 0 1 0 0 0 0 1 0 0 0 1 1 0 1 1
17   1 0 1 1 0  0 1 0 0 1  1 1 1 1 1 0  0 1  0 0 1 0 0 0 0 1 0 0 0 1 1 0 1 1
19   1 0 1 1 0  0 1 0 0 1  0 1 0 1 1 0  0 1  0 0 0 0 0 0 0 0 0 0 0 0 0 0 0 0

; === W3: Write 0x4C36 to addr 01010 (overwrites W1!) ===
20   0 1 0 1 0  1 0 1 0 1  0 0 0 1 1 0  0 1  0 1 0 0 1 1 0 0 0 0 1 1 0 1 1 0
22   0 1 0 1 0  1 0 1 0 1  0 1 1 1 1 0  0 1  0 1 0 0 1 1 0 0 0 0 1 1 0 1 1 0
23   0 1 0 1 0  1 0 1 0 1  1 1 1 1 1 0  0 1  0 1 0 0 1 1 0 0 0 0 1 1 0 1 1 0
25   0 1 0 1 0  1 0 1 0 1  0 1 0 1 1 0  0 1  0 0 0 0 0 0 0 0 0 0 0 0 0 0 0 0

; === W4: Write 0xE15C to addr 10011 ===
26   1 0 0 1 1  0 1 1 0 0  0 0 0 1 1 0  0 1  1 1 1 0 0 0 0 1 0 1 0 1 1 1 0 0
28   1 0 0 1 1  0 1 1 0 0  0 1 1 1 1 0  0 1  1 1 1 0 0 0 0 1 0 1 0 1 1 1 0 0
29   1 0 0 1 1  0 1 1 0 0  1 1 1 1 1 0  0 1  1 1 1 0 0 0 0 1 0 1 0 1 1 1 0 0
31   1 0 0 1 1  0 1 1 0 0  0 1 0 1 1 0  0 1  0 0 0 0 0 0 0 0 0 0 0 0 0 0 0 0

; === W5: Write 0x5F2B to addr 11111 ===
32   1 1 1 1 1  0 0 0 0 0  0 0 0 1 1 0  0 1  0 1 0 1 1 1 1 1 0 0 1 0 1 0 1 1
34   1 1 1 1 1  0 0 0 0 0  0 1 1 1 1 0  0 1  0 1 0 1 1 1 1 1 0 0 1 0 1 0 1 1
35   1 1 1 1 1  0 0 0 0 0  1 1 1 1 1 0  0 1  0 1 0 1 1 1 1 1 0 0 1 0 1 0 1 1
37   1 1 1 1 1  0 0 0 0 0  0 1 0 1 1 0  0 1  0 0 0 0 0 0 0 0 0 0 0 0 0 0 0 0

; === W6: Write 0x9054 to addr 10100 ===
38   1 0 1 0 0  0 1 0 1 1  0 0 0 1 1 0  0 1  1 0 0 1 0 0 0 0 0 1 0 1 0 1 0 0
40   1 0 1 0 0  0 1 0 1 1  0 1 1 1 1 0  0 1  1 0 0 1 0 0 0 0 0 1 0 1 0 1 0 0
41   1 0 1 0 0  0 1 0 1 1  1 1 1 1 1 0  0 1  1 0 0 1 0 0 0 0 0 1 0 1 0 1 0 0
43   1 0 1 0 0  0 1 0 1 1  0 1 0 1 1 0  0 1  0 0 0 0 0 0 0 0 0 0 0 0 0 0 0 0

; === W7: Write 0xFF83 to addr 00111 ===
44   0 0 1 1 1  1 1 0 0 0  0 0 0 1 1 0  0 1  1 1 1 1 1 1 1 1 1 0 0 0 0 0 1 1
46   0 0 1 1 1  1 1 0 0 0  0 1 1 1 1 0  0 1  1 1 1 1 1 1 1 1 1 0 0 0 0 0 1 1
47   0 0 1 1 1  1 1 0 0 0  1 1 1 1 1 0  0 1  1 1 1 1 1 1 1 1 1 0 0 0 0 0 1 1
49   0 0 1 1 1  1 1 0 0 0  0 1 0 1 1 0  0 1  0 0 0 0 0 0 0 0 0 0 0 0 0 0 0 0

; === W8: Write 0x19D7 to addr 10001 ===
50   1 0 0 0 1  0 1 1 1 0  0 0 0 1 1 0  0 1  0 0 0 1 1 0 0 1 1 1 0 1 0 1 1 1
52   1 0 0 0 1  0 1 1 1 0  0 1 1 1 1 0  0 1  0 0 0 1 1 0 0 1 1 1 0 1 0 1 1 1
53   1 0 0 0 1  0 1 1 1 0  1 1 1 1 1 0  0 1  0 0 0 1 1 0 0 1 1 1 0 1 0 1 1 1
55   1 0 0 0 1  0 1 1 1 0  0 1 0 1 1 0  0 1  0 0 0 0 0 0 0 0 0 0 0 0 0 0 0 0

; === W9: Write 0x1A2B to addr 11011 ===
56   1 1 0 1 1  0 0 1 0 0  0 0 0 1 1 0  0 1  0 0 0 1 1 0 1 0 0 0 1 0 1 0 1 1
58   1 1 0 1 1  0 0 1 0 0  0 1 1 1 1 0  0 1  0 0 0 1 1 0 1 0 0 0 1 0 1 0 1 1
59   1 1 0 1 1  0 0 1 0 0  1 1 1 1 1 0  0 1  0 0 0 1 1 0 1 0 0 0 1 0 1 0 1 1
61   1 1 0 1 1  0 0 1 0 0  0 1 0 1 1 0  0 1  0 0 0 0 0 0 0 0 0 0 0 0 0 0 0 0

; ==========================================================================
; READ PHASE: order = 5,9,5,4,0,5,1,4,5,0
; ==========================================================================

; === R5: Read addr 11111 (expect 0x5F2B) ===
62   1 1 1 1 1  0 0 0 0 0  0 0 0 1 1 0  0 1  0 0 0 0 0 0 0 0 0 0 0 0 0 0 0 0
64   1 1 1 1 1  0 0 0 0 0  0 0 0 1 0 0  0 1  0 0 0 0 0 0 0 0 0 0 0 0 0 0 0 0
65   1 1 1 1 1  0 0 0 0 0  1 1 0 0 1 0  0 1  0 0 0 0 0 0 0 0 0 0 0 0 0 0 0 0
67   1 1 1 1 1  0 0 0 0 0  0 1 0 1 1 1  0 1  0 0 0 0 0 0 0 0 0 0 0 0 0 0 0 0
68   1 1 1 1 1  0 0 0 0 0  0 1 0 1 1 0  1 1  0 0 0 0 0 0 0 0 0 0 0 0 0 0 0 0
69   1 1 1 1 1  0 0 0 0 0  0 1 0 1 1 0  0 1  0 0 0 0 0 0 0 0 0 0 0 0 0 0 0 0

; === R9: Read addr 11011 (expect 0x1A2B) ===
70   1 1 0 1 1  0 0 1 0 0  0 0 0 1 1 0  0 1  0 0 0 0 0 0 0 0 0 0 0 0 0 0 0 0
72   1 1 0 1 1  0 0 1 0 0  0 0 0 1 0 0  0 1  0 0 0 0 0 0 0 0 0 0 0 0 0 0 0 0
73   1 1 0 1 1  0 0 1 0 0  1 1 0 0 1 0  0 1  0 0 0 0 0 0 0 0 0 0 0 0 0 0 0 0
75   1 1 0 1 1  0 0 1 0 0  0 1 0 1 1 1  0 1  0 0 0 0 0 0 0 0 0 0 0 0 0 0 0 0
76   1 1 0 1 1  0 0 1 0 0  0 1 0 1 1 0  1 1  0 0 0 0 0 0 0 0 0 0 0 0 0 0 0 0
77   1 1 0 1 1  0 0 1 0 0  0 1 0 1 1 0  0 1  0 0 0 0 0 0 0 0 0 0 0 0 0 0 0 0

; === R5: Read addr 11111 (expect 0x5F2B) ===
78   1 1 1 1 1  0 0 0 0 0  0 0 0 1 1 0  0 1  0 0 0 0 0 0 0 0 0 0 0 0 0 0 0 0
80   1 1 1 1 1  0 0 0 0 0  0 0 0 1 0 0  0 1  0 0 0 0 0 0 0 0 0 0 0 0 0 0 0 0
81   1 1 1 1 1  0 0 0 0 0  1 1 0 0 1 0  0 1  0 0 0 0 0 0 0 0 0 0 0 0 0 0 0 0
83   1 1 1 1 1  0 0 0 0 0  0 1 0 1 1 1  0 1  0 0 0 0 0 0 0 0 0 0 0 0 0 0 0 0
84   1 1 1 1 1  0 0 0 0 0  0 1 0 1 1 0  1 1  0 0 0 0 0 0 0 0 0 0 0 0 0 0 0 0
85   1 1 1 1 1  0 0 0 0 0  0 1 0 1 1 0  0 1  0 0 0 0 0 0 0 0 0 0 0 0 0 0 0 0

; === R4: Read addr 10011 (expect 0xE15C) ===
86   1 0 0 1 1  0 1 1 0 0  0 0 0 1 1 0  0 1  0 0 0 0 0 0 0 0 0 0 0 0 0 0 0 0
88   1 0 0 1 1  0 1 1 0 0  0 0 0 1 0 0  0 1  0 0 0 0 0 0 0 0 0 0 0 0 0 0 0 0
89   1 0 0 1 1  0 1 1 0 0  1 1 0 0 1 0  0 1  0 0 0 0 0 0 0 0 0 0 0 0 0 0 0 0
91   1 0 0 1 1  0 1 1 0 0  0 1 0 1 1 1  0 1  0 0 0 0 0 0 0 0 0 0 0 0 0 0 0 0
92   1 0 0 1 1  0 1 1 0 0  0 1 0 1 1 0  1 1  0 0 0 0 0 0 0 0 0 0 0 0 0 0 0 0
93   1 0 0 1 1  0 1 1 0 0  0 1 0 1 1 0  0 1  0 0 0 0 0 0 0 0 0 0 0 0 0 0 0 0

; === R0: Read addr 01011 (expect 0x143B) ===
94   0 1 0 1 1  1 0 1 0 0  0 0 0 1 1 0  0 1  0 0 0 0 0 0 0 0 0 0 0 0 0 0 0 0
96   0 1 0 1 1  1 0 1 0 0  0 0 0 1 0 0  0 1  0 0 0 0 0 0 0 0 0 0 0 0 0 0 0 0
97   0 1 0 1 1  1 0 1 0 0  1 1 0 0 1 0  0 1  0 0 0 0 0 0 0 0 0 0 0 0 0 0 0 0
99   0 1 0 1 1  1 0 1 0 0  0 1 0 1 1 1  0 1  0 0 0 0 0 0 0 0 0 0 0 0 0 0 0 0
100  0 1 0 1 1  1 0 1 0 0  0 1 0 1 1 0  1 1  0 0 0 0 0 0 0 0 0 0 0 0 0 0 0 0
101  0 1 0 1 1  1 0 1 0 0  0 1 0 1 1 0  0 1  0 0 0 0 0 0 0 0 0 0 0 0 0 0 0 0

; === R5: Read addr 11111 (expect 0x5F2B) ===
102  1 1 1 1 1  0 0 0 0 0  0 0 0 1 1 0  0 1  0 0 0 0 0 0 0 0 0 0 0 0 0 0 0 0
104  1 1 1 1 1  0 0 0 0 0  0 0 0 1 0 0  0 1  0 0 0 0 0 0 0 0 0 0 0 0 0 0 0 0
105  1 1 1 1 1  0 0 0 0 0  1 1 0 0 1 0  0 1  0 0 0 0 0 0 0 0 0 0 0 0 0 0 0 0
107  1 1 1 1 1  0 0 0 0 0  0 1 0 1 1 1  0 1  0 0 0 0 0 0 0 0 0 0 0 0 0 0 0 0
108  1 1 1 1 1  0 0 0 0 0  0 1 0 1 1 0  1 1  0 0 0 0 0 0 0 0 0 0 0 0 0 0 0 0
109  1 1 1 1 1  0 0 0 0 0  0 1 0 1 1 0  0 1  0 0 0 0 0 0 0 0 0 0 0 0 0 0 0 0

; === R1: Read addr 01010 (expect 0x4C36, seq3 overwrote seq1) ===
110  0 1 0 1 0  1 0 1 0 1  0 0 0 1 1 0  0 1  0 0 0 0 0 0 0 0 0 0 0 0 0 0 0 0
112  0 1 0 1 0  1 0 1 0 1  0 0 0 1 0 0  0 1  0 0 0 0 0 0 0 0 0 0 0 0 0 0 0 0
113  0 1 0 1 0  1 0 1 0 1  1 1 0 0 1 0  0 1  0 0 0 0 0 0 0 0 0 0 0 0 0 0 0 0
115  0 1 0 1 0  1 0 1 0 1  0 1 0 1 1 1  0 1  0 0 0 0 0 0 0 0 0 0 0 0 0 0 0 0
116  0 1 0 1 0  1 0 1 0 1  0 1 0 1 1 0  1 1  0 0 0 0 0 0 0 0 0 0 0 0 0 0 0 0
117  0 1 0 1 0  1 0 1 0 1  0 1 0 1 1 0  0 1  0 0 0 0 0 0 0 0 0 0 0 0 0 0 0 0

; === R4: Read addr 10011 (expect 0xE15C) ===
118  1 0 0 1 1  0 1 1 0 0  0 0 0 1 1 0  0 1  0 0 0 0 0 0 0 0 0 0 0 0 0 0 0 0
120  1 0 0 1 1  0 1 1 0 0  0 0 0 1 0 0  0 1  0 0 0 0 0 0 0 0 0 0 0 0 0 0 0 0
121  1 0 0 1 1  0 1 1 0 0  1 1 0 0 1 0  0 1  0 0 0 0 0 0 0 0 0 0 0 0 0 0 0 0
123  1 0 0 1 1  0 1 1 0 0  0 1 0 1 1 1  0 1  0 0 0 0 0 0 0 0 0 0 0 0 0 0 0 0
124  1 0 0 1 1  0 1 1 0 0  0 1 0 1 1 0  1 1  0 0 0 0 0 0 0 0 0 0 0 0 0 0 0 0
125  1 0 0 1 1  0 1 1 0 0  0 1 0 1 1 0  0 1  0 0 0 0 0 0 0 0 0 0 0 0 0 0 0 0

; === R5: Read addr 11111 (expect 0x5F2B) ===
126  1 1 1 1 1  0 0 0 0 0  0 0 0 1 1 0  0 1  0 0 0 0 0 0 0 0 0 0 0 0 0 0 0 0
128  1 1 1 1 1  0 0 0 0 0  0 0 0 1 0 0  0 1  0 0 0 0 0 0 0 0 0 0 0 0 0 0 0 0
129  1 1 1 1 1  0 0 0 0 0  1 1 0 0 1 0  0 1  0 0 0 0 0 0 0 0 0 0 0 0 0 0 0 0
131  1 1 1 1 1  0 0 0 0 0  0 1 0 1 1 1  0 1  0 0 0 0 0 0 0 0 0 0 0 0 0 0 0 0
132  1 1 1 1 1  0 0 0 0 0  0 1 0 1 1 0  1 1  0 0 0 0 0 0 0 0 0 0 0 0 0 0 0 0
133  1 1 1 1 1  0 0 0 0 0  0 1 0 1 1 0  0 1  0 0 0 0 0 0 0 0 0 0 0 0 0 0 0 0

; === R0: Read addr 01011 (expect 0x143B) ===
134  0 1 0 1 1  1 0 1 0 0  0 0 0 1 1 0  0 1  0 0 0 0 0 0 0 0 0 0 0 0 0 0 0 0
136  0 1 0 1 1  1 0 1 0 0  0 0 0 1 0 0  0 1  0 0 0 0 0 0 0 0 0 0 0 0 0 0 0 0
137  0 1 0 1 1  1 0 1 0 0  1 1 0 0 1 0  0 1  0 0 0 0 0 0 0 0 0 0 0 0 0 0 0 0
139  0 1 0 1 1  1 0 1 0 0  0 1 0 1 1 1  0 1  0 0 0 0 0 0 0 0 0 0 0 0 0 0 0 0
140  0 1 0 1 1  1 0 1 0 0  0 1 0 1 1 0  1 1  0 0 0 0 0 0 0 0 0 0 0 0 0 0 0 0
141  0 1 0 1 1  1 0 1 0 0  0 1 0 1 1 0  0 1  0 0 0 0 0 0 0 0 0 0 0 0 0 0 0 0

; IDLE
143  0 0 0 0 0  1 1 1 1 1  0 1 0 1 1 0  0 1  0 0 0 0 0 0 0 0 0 0 0 0 0 0 0 0

