radix 1 1 11111 11111 4444 4444 1 1 1 1 1 1
io 	  i i iiiii iiiii iiii iiii i i i i i i
vname clk rst A<[4:0]> A_bar<[4:0]> data_in<[15:0]> data_in_bar<[15:0]> precharge_en precharge_en_SA decoder_en write_en read_en sense_en
tunit 1ns
trise 0.05
tfall 0.05
vih 1.0
vil 0.0

* --- INITIAL RESET & PRECHARGE ---
* time  clk rst   A    A_b   Din  Din_b pre p_SA dec wr rd sen
0.0     0   1   00000 11111  0000 FFFF  0   0    0   0  1  0
1.0     1   1   00000 11111  0000 FFFF  0   0    0   0  1  0

* =================== WRITE PHASE ===================

* --- Write W1 (Seq 1): Addr 01010, Data 984C ---
2.0     0   0   01010 10101  984C 67B3  0   0    0   0  1  0
3.0     1   0   01010 10101  984C 67B3  0   0    0   0  1  0
3.1     1   0   01010 10101  984C 67B3  1   1    0   0  1  0
3.2     1   0   01010 10101  984C 67B3  1   1    1   0  1  0
3.3     1   0   01010 10101  984C 67B3  1   1    1   1  1  0
3.8     1   0   01010 10101  984C 67B3  1   1    0   0  1  0
3.9     1   0   01010 10101  984C 67B3  0   0    0   0  1  0

* --- Write W2 (Seq 2): Addr 10110, Data 211B ---
4.0     0   0   10110 01001  211B DEE4  0   0    0   0  1  0
5.0     1   0   10110 01001  211B DEE4  0   0    0   0  1  0
5.1     1   0   10110 01001  211B DEE4  1   1    0   0  1  0
5.2     1   0   10110 01001  211B DEE4  1   1    1   0  1  0
5.3     1   0   10110 01001  211B DEE4  1   1    1   1  1  0
5.8     1   0   10110 01001  211B DEE4  1   1    0   0  1  0
5.9     1   0   10110 01001  211B DEE4  0   0    0   0  1  0

* --- Write W3 (Seq 3): Addr 01010, Data 4C36 (Overwrites Seq 1) ---
6.0     0   0   01010 10101  4C36 B3C9  0   0    0   0  1  0
7.0     1   0   01010 10101  4C36 B3C9  0   0    0   0  1  0
7.1     1   0   01010 10101  4C36 B3C9  1   1    0   0  1  0
7.2     1   0   01010 10101  4C36 B3C9  1   1    1   0  1  0
7.3     1   0   01010 10101  4C36 B3C9  1   1    1   1  1  0
7.8     1   0   01010 10101  4C36 B3C9  1   1    0   0  1  0
7.9     1   0   01010 10101  4C36 B3C9  0   0    0   0  1  0

* --- Write W4 (Seq 4): Addr 10011, Data E15C ---
8.0     0   0   10011 01100  E15C 1EA3  0   0    0   0  1  0
9.0     1   0   10011 01100  E15C 1EA3  0   0    0   0  1  0
9.1     1   0   10011 01100  E15C 1EA3  1   1    0   0  1  0
9.2     1   0   10011 01100  E15C 1EA3  1   1    1   0  1  0
9.3     1   0   10011 01100  E15C 1EA3  1   1    1   1  1  0
9.8     1   0   10011 01100  E15C 1EA3  1   1    0   0  1  0
9.9     1   0   10011 01100  E15C 1EA3  0   0    0   0  1  0

* --- Write W5 (Seq 5): Addr 11111, Data 5F2B ---
10.0    0   0   11111 00000  5F2B A0D4  0   0    0   0  1  0
11.0    1   0   11111 00000  5F2B A0D4  0   0    0   0  1  0
11.1    1   0   11111 00000  5F2B A0D4  1   1    0   0  1  0
11.2    1   0   11111 00000  5F2B A0D4  1   1    1   0  1  0
11.3    1   0   11111 00000  5F2B A0D4  1   1    1   1  1  0
11.8    1   0   11111 00000  5F2B A0D4  1   1    0   0  1  0
11.9    1   0   11111 00000  5F2B A0D4  0   0    0   0  1  0

* --- Write W6 (Seq 6): Addr 10100, Data 9054 ---
12.0    0   0   10100 01011  9054 6FAB  0   0    0   0  1  0
13.0    1   0   10100 01011  9054 6FAB  0   0    0   0  1  0
13.1    1   0   10100 01011  9054 6FAB  1   1    0   0  1  0
13.2    1   0   10100 01011  9054 6FAB  1   1    1   0  1  0
13.3    1   0   10100 01011  9054 6FAB  1   1    1   1  1  0
13.8    1   0   10100 01011  9054 6FAB  1   1    0   0  1  0
13.9    1   0   10100 01011  9054 6FAB  0   0    0   0  1  0

* --- Write W7 (Seq 7): Addr 00111, Data FF83 ---
14.0    0   0   00111 11000  FF83 007C  0   0    0   0  1  0
15.0    1   0   00111 11000  FF83 007C  0   0    0   0  1  0
15.1    1   0   00111 11000  FF83 007C  1   1    0   0  1  0
15.2    1   0   00111 11000  FF83 007C  1   1    1   0  1  0
15.3    1   0   00111 11000  FF83 007C  1   1    1   1  1  0
15.8    1   0   00111 11000  FF83 007C  1   1    0   0  1  0
15.9    1   0   00111 11000  FF83 007C  0   0    0   0  1  0

* --- Write W8 (Seq 8): Addr 10001, Data 19D7 ---
16.0    0   0   10001 01110  19D7 E628  0   0    0   0  1  0
17.0    1   0   10001 01110  19D7 E628  0   0    0   0  1  0
17.1    1   0   10001 01110  19D7 E628  1   1    0   0  1  0
17.2    1   0   10001 01110  19D7 E628  1   1    1   0  1  0
17.3    1   0   10001 01110  19D7 E628  1   1    1   1  1  0
17.8    1   0   10001 01110  19D7 E628  1   1    0   0  1  0
17.9    1   0   10001 01110  19D7 E628  0   0    0   0  1  0

* --- Write W9 (Seq 9): Addr 11011, Data 1A2B ---
18.0    0   0   11011 00100  1A2B E5D4  0   0    0   0  1  0
19.0    1   0   11011 00100  1A2B E5D4  0   0    0   0  1  0
19.1    1   0   11011 00100  1A2B E5D4  1   1    0   0  1  0
19.2    1   0   11011 00100  1A2B E5D4  1   1    1   0  1  0
19.3    1   0   11011 00100  1A2B E5D4  1   1    1   1  1  0
19.8    1   0   11011 00100  1A2B E5D4  1   1    0   0  1  0
19.9    1   0   11011 00100  1A2B E5D4  0   0    0   0  1  0

* --- Write W10 (Seq 0): Addr 01011, Data 143B ---
20.0    0   0   01011 10100  143B EBC4  0   0    0   0  1  0
21.0    1   0   01011 10100  143B EBC4  0   0    0   0  1  0
21.1    1   0   01011 10100  143B EBC4  1   1    0   0  1  0
21.2    1   0   01011 10100  143B EBC4  1   1    1   0  1  0
21.3    1   0   01011 10100  143B EBC4  1   1    1   1  1  0
21.8    1   0   01011 10100  143B EBC4  1   1    0   0  1  0
21.9    1   0   01011 10100  143B EBC4  0   0    0   0  1  0


* =================== READ PHASE ===================
* read_en drops to 0 (ON) to let signal in, then goes to 1 (OFF) to isolate before sense_en fires.

* --- Read R1 (Seq 3): Addr 01010 | Expect 4C36 ---
22.0    0   0   01010 10101  0000 0000  0   0    0   0  1  0
23.0    1   0   01010 10101  0000 0000  0   0    0   0  1  0
23.1    1   0   01010 10101  0000 0000  1   1    0   0  1  0
23.2    1   0   01010 10101  0000 0000  1   1    1   0  0  0  
23.5    1   0   01010 10101  0000 0000  1   1    1   0  1  0  
23.6    1   0   01010 10101  0000 0000  1   1    1   0  1  1 
23.8    1   0   01010 10101  0000 0000  1   1    0   0  1  0
23.9    1   0   01010 10101  0000 0000  0   0    0   0  1  0

* --- Read R2 (Seq 8): Addr 10001 | Expect 19D7 ---
24.0    0   0   10001 01110  0000 0000  0   0    0   0  1  0
25.0    1   0   10001 01110  0000 0000  0   0    0   0  1  0
25.1    1   0   10001 01110  0000 0000  1   1    0   0  1  0
25.2    1   0   10001 01110  0000 0000  1   1    1   0  0  0
25.5    1   0   10001 01110  0000 0000  1   1    1   0  1  0
25.6    1   0   10001 01110  0000 0000  1   1    1   0  1  1
25.8    1   0   10001 01110  0000 0000  1   1    0   0  1  0
25.9    1   0   10001 01110  0000 0000  0   0    0   0  1  0

* --- Read R3 (Seq 2): Addr 10110 | Expect 211B ---
26.0    0   0   10110 01001  0000 0000  0   0    0   0  1  0
27.0    1   0   10110 01001  0000 0000  0   0    0   0  1  0
27.1    1   0   10110 01001  0000 0000  1   1    0   0  1  0
27.2    1   0   10110 01001  0000 0000  1   1    1   0  0  0
27.5    1   0   10110 01001  0000 0000  1   1    1   0  1  0
27.6    1   0   10110 01001  0000 0000  1   1    1   0  1  1
27.8    1   0   10110 01001  0000 0000  1   1    0   0  1  0
27.9    1   0   10110 01001  0000 0000  0   0    0   0  1  0

* --- Read R4 (Seq 8): Addr 10001 | Expect 19D7 ---
28.0    0   0   10001 01110  0000 0000  0   0    0   0  1  0
29.0    1   0   10001 01110  0000 0000  0   0    0   0  1  0
29.1    1   0   10001 01110  0000 0000  1   1    0   0  1  0
29.2    1   0   10001 01110  0000 0000  1   1    1   0  0  0
29.5    1   0   10001 01110  0000 0000  1   1    1   0  1  0
29.6    1   0   10001 01110  0000 0000  1   1    1   0  1  1
29.8    1   0   10001 01110  0000 0000  1   1    0   0  1  0
29.9    1   0   10001 01110  0000 0000  0   0    0   0  1  0

* --- Read R5 (Seq 3): Addr 01010 | Expect 4C36 ---
30.0    0   0   01010 10101  0000 0000  0   0    0   0  1  0
31.0    1   0   01010 10101  0000 0000  0   0    0   0  1  0
31.1    1   0   01010 10101  0000 0000  1   1    0   0  1  0
31.2    1   0   01010 10101  0000 0000  1   1    1   0  0  0
31.5    1   0   01010 10101  0000 0000  1   1    1   0  1  0
31.6    1   0   01010 10101  0000 0000  1   1    1   0  1  1
31.8    1   0   01010 10101  0000 0000  1   1    0   0  1  0
31.9    1   0   01010 10101  0000 0000  0   0    0   0  1  0

* --- Read R6 (Seq 7): Addr 00111 | Expect FF83 ---
32.0    0   0   00111 11000  0000 0000  0   0    0   0  1  0
33.0    1   0   00111 11000  0000 0000  0   0    0   0  1  0
33.1    1   0   00111 11000  0000 0000  1   1    0   0  1  0
33.2    1   0   00111 11000  0000 0000  1   1    1   0  0  0
33.5    1   0   00111 11000  0000 0000  1   1    1   0  1  0
33.6    1   0   00111 11000  0000 0000  1   1    1   0  1  1
33.8    1   0   00111 11000  0000 0000  1   1    0   0  1  0
33.9    1   0   00111 11000  0000 0000  0   0    0   0  1  0

* --- Read R7 (Seq 6): Addr 10100 | Expect 9054 ---
34.0    0   0   10100 01011  0000 0000  0   0    0   0  1  0
35.0    1   0   10100 01011  0000 0000  0   0    0   0  1  0
35.1    1   0   10100 01011  0000 0000  1   1    0   0  1  0
35.2    1   0   10100 01011  0000 0000  1   1    1   0  0  0
35.5    1   0   10100 01011  0000 0000  1   1    1   0  1  0
35.6    1   0   10100 01011  0000 0000  1   1    1   0  1  1
35.8    1   0   10100 01011  0000 0000  1   1    0   0  1  0
35.9    1   0   10100 01011  0000 0000  0   0    0   0  1  0

* --- Read R8 (Seq 7): Addr 00111 | Expect FF83 ---
36.0    0   0   00111 11000  0000 0000  0   0    0   0  1  0
37.0    1   0   00111 11000  0000 0000  0   0    0   0  1  0
37.1    1   0   00111 11000  0000 0000  1   1    0   0  1  0
37.2    1   0   00111 11000  0000 0000  1   1    1   0  0  0
37.5    1   0   00111 11000  0000 0000  1   1    1   0  1  0
37.6    1   0   00111 11000  0000 0000  1   1    1   0  1  1
37.8    1   0   00111 11000  0000 0000  1   1    0   0  1  0
37.9    1   0   00111 11000  0000 0000  0   0    0   0  1  0

* --- Read R9 (Seq 9): Addr 11011 | Expect 1A2B ---
38.0    0   0   11011 00100  0000 0000  0   0    0   0  1  0
39.0    1   0   11011 00100  0000 0000  0   0    0   0  1  0
39.1    1   0   11011 00100  0000 0000  1   1    0   0  1  0
39.2    1   0   11011 00100  0000 0000  1   1    1   0  0  0
39.5    1   0   11011 00100  0000 0000  1   1    1   0  1  0
39.6    1   0   11011 00100  0000 0000  1   1    1   0  1  1
39.8    1   0   11011 00100  0000 0000  1   1    0   0  1  0
39.9    1   0   11011 00100  0000 0000  0   0    0   0  1  0

* --- Read R10 (Seq 1): Addr 01010 | Expect 4C36 (TRICK TEST) ---
40.0    0   0   01010 10101  0000 0000  0   0    0   0  1  0
41.0    1   0   01010 10101  0000 0000  0   0    0   0  1  0
41.1    1   0   01010 10101  0000 0000  1   1    0   0  1  0
41.2    1   0   01010 10101  0000 0000  1   1    1   0  0  0
41.5    1   0   01010 10101  0000 0000  1   1    1   0  1  0
41.6    1   0   01010 10101  0000 0000  1   1    1   0  1  1
41.8    1   0   01010 10101  0000 0000  1   1    0   0  1  0
41.9    1   0   01010 10101  0000 0000  0   0    0   0  1  0

* --- LATCH FINAL CYCLE ---
42.0    0   0   00000 11111  0000 0000  0   0    0   0  1  0
43.0    1   0   00000 11111  0000 0000  0   0    0   0  1  0