*==============================================================================
* EE577A Spring 2026 - 512-bit SRAM Array Functional Test
* USC ID: 9924884571
*
* Write order (last digit=1): seq1->2->3->4->5->6->7->8->9->0
* Read order (USC ID 9924884571): seq9->9->2->4->8->8->4->5->7->1
*==============================================================================
radix 1 1 1 1 1 1 1 1 11111 11111 4444
io i i i i i i i i i i i
vname clk rst precharge_en precharge_en_SA decoder_en write_en read_en sense_en A<[4:0]> A_bar<[4:0]> data_in<[15:0]>
tunit 1ns
trise 0.005
tfall 0.005
vih 1.0
vil 0.0

* Column order:
* clk rst pre preSA dec wen ren sen | A<4:0> | A_bar<4:0> | data_in<15:0>
*==============================================================================
* WRITE PHASE
*==============================================================================

*	| clk | rst | precharge_en | precharge_en_SA | decoder_en | write_en | read_en | sense_en | A<[4:0]> | A_bar<[4:0]> | data_in<[15:0]> |
*--- WRITE 1/10: seq1 | A=01010 A_bar=10101 | data=984C ---
0.0    0 	 1  		1  				1  				0  			0  		  1  		0   	  01010  		10101  			984C 
0.5    1 	 0  		1  				1  				1  			1  		  1  		0   	  01010  		10101  			984C
2.2    0 	 0  		1  				1  				1  			1  		  1  		0   	  01010  		10101  			984C
2.5    0 	 0  		1  				1  				0  			0  		  1  		0   	  01010  		10101  			984C
3.0    0 	 0  		0  				1  				0  			0  		  1  		0   	  01010  		10101  			984C

*--- WRITE 2/10: seq2 | A=10110 A_bar=01001 | data=211B ---
4.0   0  0  1  1  0  0  1  0   10110  01001  211B
4.1   0  0  1  1  0  1  1  0   10110  01001  211B
4.2   1  0  1  1  0  1  1  0   10110  01001  211B
4.5   1  0  1  1  1  1  1  0   10110  01001  211B
6.2   0  0  1  1  1  1  1  0   10110  01001  211B
6.5   0  0  1  1  0  0  1  0   10110  01001  211B
7.0   0  0  0  1  0  0  1  0   10110  01001  211B

*--- WRITE 3/10: seq3 | A=01010 A_bar=10101 | data=4C36 (OVERWRITES seq1!) ---
8.0   0  0  1  1  0  0  1  0   01010  10101  4C36
8.1   0  0  1  1  0  1  1  0   01010  10101  4C36
8.2   1  0  1  1  0  1  1  0   01010  10101  4C36
8.5   1  0  1  1  1  1  1  0   01010  10101  4C36
10.2  0  0  1  1  1  1  1  0   01010  10101  4C36
10.5  0  0  1  1  0  0  1  0   01010  10101  4C36
11.0  0  0  0  1  0  0  1  0   01010  10101  4C36

*--- WRITE 4/10: seq4 | A=10011 A_bar=01100 | data=E15C ---
12.0  0  0  1  1  0  0  1  0   10011  01100  E15C
12.1  0  0  1  1  0  1  1  0   10011  01100  E15C
12.2  1  0  1  1  0  1  1  0   10011  01100  E15C
12.5  1  0  1  1  1  1  1  0   10011  01100  E15C
14.2  0  0  1  1  1  1  1  0   10011  01100  E15C
14.5  0  0  1  1  0  0  1  0   10011  01100  E15C
15.0  0  0  0  1  0  0  1  0   10011  01100  E15C

*--- WRITE 5/10: seq5 | A=11111 A_bar=00000 | data=5F2B ---
16.0  0  0  1  1  0  0  1  0   11111  00000  5F2B
16.1  0  0  1  1  0  1  1  0   11111  00000  5F2B
16.2  1  0  1  1  0  1  1  0   11111  00000  5F2B
16.5  1  0  1  1  1  1  1  0   11111  00000  5F2B
18.2  0  0  1  1  1  1  1  0   11111  00000  5F2B
18.5  0  0  1  1  0  0  1  0   11111  00000  5F2B
19.0  0  0  0  1  0  0  1  0   11111  00000  5F2B

*--- WRITE 6/10: seq6 | A=10100 A_bar=01011 | data=9054 ---
20.0  0  0  1  1  0  0  1  0   10100  01011  9054
20.1  0  0  1  1  0  1  1  0   10100  01011  9054
20.2  1  0  1  1  0  1  1  0   10100  01011  9054
20.5  1  0  1  1  1  1  1  0   10100  01011  9054
22.2  0  0  1  1  1  1  1  0   10100  01011  9054
22.5  0  0  1  1  0  0  1  0   10100  01011  9054
23.0  0  0  0  1  0  0  1  0   10100  01011  9054

*--- WRITE 7/10: seq7 | A=00111 A_bar=11000 | data=FF83 ---
24.0  0  0  1  1  0  0  1  0   00111  11000  FF83
24.1  0  0  1  1  0  1  1  0   00111  11000  FF83
24.2  1  0  1  1  0  1  1  0   00111  11000  FF83
24.5  1  0  1  1  1  1  1  0   00111  11000  FF83
26.2  0  0  1  1  1  1  1  0   00111  11000  FF83
26.5  0  0  1  1  0  0  1  0   00111  11000  FF83
27.0  0  0  0  1  0  0  1  0   00111  11000  FF83

*--- WRITE 8/10: seq8 | A=10001 A_bar=01110 | data=19D7 ---
28.0  0  0  1  1  0  0  1  0   10001  01110  19D7
28.1  0  0  1  1  0  1  1  0   10001  01110  19D7
28.2  1  0  1  1  0  1  1  0   10001  01110  19D7
28.5  1  0  1  1  1  1  1  0   10001  01110  19D7
30.2  0  0  1  1  1  1  1  0   10001  01110  19D7
30.5  0  0  1  1  0  0  1  0   10001  01110  19D7
31.0  0  0  0  1  0  0  1  0   10001  01110  19D7

*--- WRITE 9/10: seq9 | A=11011 A_bar=00100 | data=1A2B ---
32.0  0  0  1  1  0  0  1  0   11011  00100  1A2B
32.1  0  0  1  1  0  1  1  0   11011  00100  1A2B
32.2  1  0  1  1  0  1  1  0   11011  00100  1A2B
32.5  1  0  1  1  1  1  1  0   11011  00100  1A2B
34.2  0  0  1  1  1  1  1  0   11011  00100  1A2B
34.5  0  0  1  1  0  0  1  0   11011  00100  1A2B
35.0  0  0  0  1  0  0  1  0   11011  00100  1A2B

*--- WRITE 10/10: seq0 | A=01011 A_bar=10100 | data=143B ---
36.0  0  0  1  1  0  0  1  0   01011  10100  143B
36.1  0  0  1  1  0  1  1  0   01011  10100  143B
36.2  1  0  1  1  0  1  1  0   01011  10100  143B
36.5  1  0  1  1  1  1  1  0   01011  10100  143B
38.2  0  0  1  1  1  1  1  0   01011  10100  143B
38.5  0  0  1  1  0  0  1  0   01011  10100  143B
39.0  0  0  0  0  0  0  1  0   01011  10100  143B 

*==============================================================================
* READ PHASE (USC ID digits: 9-9-2-4-8-8-4-5-7-1)
*==============================================================================

*--- READ 1/10: seq9 | A=11011 A_bar=00100 | EXPECT: 1A2B ---
40.0  0  0  1  1  0  0  1  0   11011  00100  0000
40.2  1  0  1  1  0  0  1  0   11011  00100  0000
40.5  1  0  1  1  1  0  0  0   11011  00100  0000
41.5  1  0  1  1  0  0  1  0   11011  00100  0000
41.6  1  0  1  1  0  0  1  1   11011  00100  0000
42.2  0  0  1  1  0  0  1  1   11011  00100  0000
43.0  0  0  0  0  0  0  1  0   11011  00100  0000

*--- READ 2/10: seq9 | A=11011 A_bar=00100 | EXPECT: 1A2B ---
44.0  0  0  1  1  0  0  1  0   11011  00100  0000
44.2  1  0  1  1  0  0  1  0   11011  00100  0000
44.5  1  0  1  1  1  0  0  0   11011  00100  0000
45.5  1  0  1  1  0  0  1  0   11011  00100  0000
45.6  1  0  1  1  0  0  1  1   11011  00100  0000
46.2  0  0  1  1  0  0  1  1   11011  00100  0000
47.0  0  0  0  0  0  0  1  0   11011  00100  0000

*--- READ 3/10: seq2 | A=10110 A_bar=01001 | EXPECT: 211B ---
48.0  0  0  1  1  0  0  1  0   10110  01001  0000
48.2  1  0  1  1  0  0  1  0   10110  01001  0000
48.5  1  0  1  1  1  0  0  0   10110  01001  0000
49.5  1  0  1  1  0  0  1  0   10110  01001  0000
49.6  1  0  1  1  0  0  1  1   10110  01001  0000
50.2  0  0  1  1  0  0  1  1   10110  01001  0000
51.0  0  0  0  0  0  0  1  0   10110  01001  0000

*--- READ 4/10: seq4 | A=10011 A_bar=01100 | EXPECT: E15C ---
52.0  0  0  1  1  0  0  1  0   10011  01100  0000
52.2  1  0  1  1  0  0  1  0   10011  01100  0000
52.5  1  0  1  1  1  0  0  0   10011  01100  0000
53.5  1  0  1  1  0  0  1  0   10011  01100  0000
53.6  1  0  1  1  0  0  1  1   10011  01100  0000
54.2  0  0  1  1  0  0  1  1   10011  01100  0000
55.0  0  0  0  0  0  0  1  0   10011  01100  0000

*--- READ 5/10: seq8 | A=10001 A_bar=01110 | EXPECT: 19D7 ---
56.0  0  0  1  1  0  0  1  0   10001  01110  0000
56.2  1  0  1  1  0  0  1  0   10001  01110  0000
56.5  1  0  1  1  1  0  0  0   10001  01110  0000
57.5  1  0  1  1  0  0  1  0   10001  01110  0000
57.6  1  0  1  1  0  0  1  1   10001  01110  0000
58.2  0  0  1  1  0  0  1  1   10001  01110  0000
59.0  0  0  0  0  0  0  1  0   10001  01110  0000

*--- READ 6/10: seq8 | A=10001 A_bar=01110 | EXPECT: 19D7 ---
60.0  0  0  1  1  0  0  1  0   10001  01110  0000
60.2  1  0  1  1  0  0  1  0   10001  01110  0000
60.5  1  0  1  1  1  0  0  0   10001  01110  0000
61.5  1  0  1  1  0  0  1  0   10001  01110  0000
61.6  1  0  1  1  0  0  1  1   10001  01110  0000
62.2  0  0  1  1  0  0  1  1   10001  01110  0000
63.0  0  0  0  0  0  0  1  0   10001  01110  0000

*--- READ 7/10: seq4 | A=10011 A_bar=01100 | EXPECT: E15C ---
64.0  0  0  1  1  0  0  1  0   10011  01100  0000
64.2  1  0  1  1  0  0  1  0   10011  01100  0000
64.5  1  0  1  1  1  0  0  0   10011  01100  0000
65.5  1  0  1  1  0  0  1  0   10011  01100  0000
65.6  1  0  1  1  0  0  1  1   10011  01100  0000
66.2  0  0  1  1  0  0  1  1   10011  01100  0000
67.0  0  0  0  0  0  0  1  0   10011  01100  0000

*--- READ 8/10: seq5 | A=11111 A_bar=00000 | EXPECT: 5F2B ---
68.0  0  0  1  1  0  0  1  0   11111  00000  0000
68.2  1  0  1  1  0  0  1  0   11111  00000  0000
68.5  1  0  1  1  1  0  0  0   11111  00000  0000
69.5  1  0  1  1  0  0  1  0   11111  00000  0000
69.6  1  0  1  1  0  0  1  1   11111  00000  0000
70.2  0  0  1  1  0  0  1  1   11111  00000  0000
71.0  0  0  0  0  0  0  1  0   11111  00000  0000

*--- READ 9/10: seq7 | A=00111 A_bar=11000 | EXPECT: FF83 ---
72.0  0  0  1  1  0  0  1  0   00111  11000  0000
72.2  1  0  1  1  0  0  1  0   00111  11000  0000
72.5  1  0  1  1  1  0  0  0   00111  11000  0000
73.5  1  0  1  1  0  0  1  0   00111  11000  0000
73.6  1  0  1  1  0  0  1  1   00111  11000  0000
74.2  0  0  1  1  0  0  1  1   00111  11000  0000
75.0  0  0  0  0  0  0  1  0   00111  11000  0000

*--- READ 10/10: seq1 addr | A=01010 A_bar=10101 | EXPECT: 4C36 (NOT 984C!) ---
76.0  0  0  1  1  0  0  1  0   01010  10101  0000
76.2  1  0  1  1  0  0  1  0   01010  10101  0000
76.5  1  0  1  1  1  0  0  0   01010  10101  0000
77.5  1  0  1  1  0  0  1  0   01010  10101  0000
77.6  1  0  1  1  0  0  1  1   01010  10101  0000
78.2  0  0  1  1  0  0  1  1   01010  10101  0000
79.0  0  0  0  0  0  0  1  0   01010  10101  0000

*--- END ---
80.0  0  0  0  0  0  0  1  0   01010  10101  0000